{
  "advancedEditorSelectedIdentifier" : "ShaderGraphEditorPluginID",
  "openSceneRelativePaths" : [
    "Immersive.usda"
  ],
  "recentIdentifiers" : {
    "1D572CEB-057A-41C3-B575-04C37501A3C0" : [

    ]
  },
  "sceneCameraHistory" : {
    "1D572CEB-057A-41C3-B575-04C37501A3C0" : [
      {
        "date" : 785057798.85521,
        "title" : "Untitled",
        "transform" : [
          -0.99242467,
          2.0919678e-08,
          0.1228548,
          0,
          0.012908119,
          0.99446493,
          0.104272,
          0,
          -0.122174785,
          0.10506794,
          -0.9869317,
          0,
          -0.071040615,
          0.2964393,
          -0.5782704,
          1
        ]
      },
      {
        "date" : 785057784.014435,
        "title" : "Untitled",
        "transform" : [
          -0.99724215,
          2.0969178e-08,
          -0.0742172,
          0,
          -0.0057777218,
          0.9969651,
          0.07763441,
          0,
          0.07399197,
          0.07784912,
          -0.99421567,
          0,
          0.04436472,
          0.28040513,
          -0.5888331,
          1
        ]
      },
      {
        "date" : 785057778.000424,
        "title" : "Untitled",
        "transform" : [
          -0.99724215,
          2.0969178e-08,
          -0.0742172,
          0,
          -0.0057777218,
          0.9969651,
          0.07763441,
          0,
          0.07399197,
          0.07784912,
          -0.99421567,
          0,
          0.025254523,
          0.34602088,
          -0.32837296,
          1
        ]
      },
      {
        "date" : 785056586.52989,
        "title" : "Untitled",
        "transform" : [
          -0.99724215,
          2.0900142e-08,
          -0.0742172,
          0,
          -0.005777715,
          0.9969651,
          0.07763441,
          0,
          0.07399191,
          0.077849,
          -0.99421567,
          0,
          0.039053142,
          0.37753737,
          -0.7053571,
          1
        ]
      },
      {
        "date" : 785056520.352654,
        "title" : "Untitled",
        "transform" : [
          -0.99724215,
          2.0900142e-08,
          -0.0742172,
          0,
          -0.005777715,
          0.9969651,
          0.07763441,
          0,
          0.0739919,
          0.07784899,
          -0.99421555,
          0,
          -0.15174848,
          0.2698897,
          -0.7279861,
          1
        ]
      },
      {
        "date" : 785056517.518239,
        "title" : "Untitled",
        "transform" : [
          -0.99469966,
          2.0964013e-08,
          -0.10282356,
          0,
          -0.0102091525,
          0.9950588,
          0.09876208,
          0,
          0.10231541,
          0.09928822,
          -0.9897845,
          0,
          -0.1628142,
          0.3698712,
          -0.7213447,
          1
        ]
      },
      {
        "date" : 785056358.382231,
        "title" : "Untitled",
        "transform" : [
          -0.984323,
          2.0970642e-08,
          -0.17637552,
          0,
          -0.016752327,
          0.9954791,
          0.093492165,
          0,
          0.17557807,
          0.09498106,
          -0.9798729,
          0,
          0.11010531,
          0.3538261,
          -0.68442196,
          1
        ]
      },
      {
        "date" : 785055161.44277,
        "title" : "Untitled",
        "transform" : [
          -0.98561037,
          2.0925855e-08,
          -0.16903341,
          0,
          -0.016715966,
          0.99509823,
          0.09746867,
          0,
          0.16820475,
          0.09889155,
          -0.98077905,
          0,
          0.06586606,
          0.3585329,
          -0.59000236,
          1
        ]
      },
      {
        "date" : 785055097.935951,
        "title" : "Untitled",
        "transform" : [
          -0.9451323,
          2.237536e-08,
          -0.32668802,
          0,
          -0.0802092,
          0.9693909,
          0.2320512,
          0,
          0.31668833,
          0.2455223,
          -0.9162026,
          0,
          0.141175,
          0.4425409,
          -0.51498944,
          1
        ]
      },
      {
        "date" : 785054716.210615,
        "title" : "Untitled",
        "transform" : [
          -0.99052256,
          2.2351223e-08,
          -0.13735059,
          0,
          -0.02766754,
          0.97950137,
          0.19952852,
          0,
          0.134535,
          0.2014375,
          -0.9702181,
          0,
          0.041379422,
          0.4179938,
          -0.55186576,
          1
        ]
      }
    ]
  },
  "sceneViewportBackgroundColors" : {

  }
}